fortran实验/实验8/Bxyzl.grd
DSAA
53 27
-26 26
-26 26
-5.3 1.7
0.15 0.075 0 -0.075 -0.15 -0.225 -0.3 -0.35 -0.4 -0.45 
-0.5 -0.55 -0.6 -0.65 -0.7 -0.775 -0.85 -0.925 -1 -1.075 
-1.15 -1.225 -1.3 -1.35 -1.4 -1.45 -1.5 -1.55 -1.6 -1.65 
-1.7 -1.775 -1.85 -1.825 -1.8 -1.765 -1.73 -1.715 -1.7 -1.65 
-1.6 -1.55 -1.5 -1.45 -1.4 -1.375 -1.35 -1.325 -1.3 -1.25 
-1.2 -1.15 -1.1 

0 -0.1 -0.2 -0.25 -0.3 -0.4 -0.5 -0.55 -0.6 -0.65 
-0.7 -0.8 -0.9 -0.95 -1 -1.075 -1.15 -1.225 -1.3 -1.375 
-1.45 -1.525 -1.6 -1.675 -1.75 -1.825 -1.9 -1.95 -2 -2.05 
-2.1 -2.2 -2.3 -2.275 -2.25 -2.225 -2.2 -2.15 -2.1 -2.05 
-2 -1.9 -1.8 -1.7 -1.6 -1.575 -1.55 -1.525 -1.5 -1.45 
-1.4 -1.35 -1.3 

-0.2 -0.3 -0.4 -0.45 -0.5 -0.6 -0.7 -0.775 -0.85 -0.925 
-1 -1.06 -1.12 -1.21 -1.3 -1.375 -1.45 -1.525 -1.6 -1.675 
-1.75 -1.825 -1.9 -2 -2.1 -2.2 -2.3 -2.35 -2.4 -2.45 
-2.5 -2.55 -2.6 -2.625 -2.65 -2.575 -2.5 -2.425 -2.35 -2.275 
-2.2 -2.05 -1.9 -1.825 -1.75 -1.675 -1.6 -1.55 -1.5 -1.45 
-1.4 -0.9 -0.4 

-0.5 -0.6 -0.7 -0.8 -0.9 -0.95 -1 -1.1 -1.2 -1.3 
-1.4 -1.5 -1.6 -1.65 -1.7 -1.8 -1.9 -2 -2.1 -2.2 
-2.3 -2.4 -2.5 -2.6 -2.7 -2.75 -2.8 -2.85 -2.9 -2.95 
-3 -3 -3 -3 -3 -2.95 -2.9 -2.85 -2.8 -2.65 
-2.5 -2.35 -2.2 -2.1 -2 -1.85 -1.7 -1.65 -1.6 -1.525 
-1.45 -0.975 -0.5 

-0.7 -0.775 -0.85 -0.925 -1 -1.1 -1.2 -1.3 -1.4 -1.5 
-1.6 -1.7 -1.8 -1.9 -2 -2.1 -2.2 -2.3 -2.4 -2.5 
-2.6 -2.725 -2.85 -2.975 -3.1 -3.2 -3.3 -3.35 -3.4 -3.45 
-3.5 -3.475 -3.45 -3.425 -3.4 -3.3 -3.2 -3.1 -3 -2.85 
-2.7 -2.6 -2.5 -2.35 -2.2 -2.05 -1.9 -1.8 -1.7 -1.6 
-1.5 -1.075 -0.65 

-0.8 -0.9 -1 -1.1 -1.2 -1.275 -1.35 -1.425 -1.5 -1.6 
-1.7 -1.8 -1.9 -2.025 -2.15 -2.275 -2.4 -2.55 -2.7 -2.8 
-2.9 -3.05 -3.2 -3.3 -3.4 -3.5 -3.6 -3.7 -3.8 -3.9 
-4 -3.975 -3.95 -3.925 -3.9 -3.8 -3.7 -3.6 -3.5 -3.3 
-3.1 -2.95 -2.8 -2.65 -2.5 -2.3 -2.1 -1.95 -1.8 -1.7 
-1.6 -1.2 -0.8 

-1 -1.075 -1.15 -1.275 -1.4 -1.45 -1.5 -1.6 -1.7 -1.775 
-1.85 -1.975 -2.1 -2.2 -2.3 -2.45 -2.6 -2.725 -2.85 -2.975 
-3.1 -3.25 -3.4 -3.55 -3.7 -3.8 -3.9 -4 -4.1 -4.25 
-4.4 -4.375 -4.35 -4.325 -4.3 -4.2 -4.1 -4.025 -3.95 -3.725 
-3.5 -3.3 -3.1 -2.9 -2.7 -2.5 -2.3 -2.15 -2 -1.85 
-1.7 -1.3 -0.9 

-0.9 -1 -1.1 -1.2 -1.3 -1.4 -1.5 -1.55 -1.6 -1.7 
-1.8 -1.9 -2 -2.1 -2.2 -2.3 -2.4 -2.5 -2.6 -2.7 
-2.8 -2.9 -3 -3.05 -3.1 -3.25 -3.4 -3.55 -3.7 -3.8 
-3.9 -4 -4.1 -4.125 -4.15 -4.175 -4.2 -4.2 -4.2 -4.2 
-4.2 -3.95 -3.7 -3.5 -3.3 -2.85 -2.4 -2.425 -2.45 -2.275 
-2.1 -1.925 -1.75 

-1 -1.1 -1.2 -1.3 -1.4 -1.5 -1.6 -1.675 -1.75 -1.825 
-1.9 -2 -2.1 -2.2 -2.3 -2.4 -2.5 -2.55 -2.6 -2.65 
-2.7 -2.75 -2.8 -2.85 -2.9 -3 -3.1 -3.225 -3.35 -3.475 
-3.6 -3.7 -3.8 -3.85 -3.9 -4 -4.1 -4.15 -4.2 -4.25 
-4.3 -4.1 -3.9 -3.7 -3.5 -3.025 -2.55 -2.575 -2.6 -2.4 
-2.2 -2 -1.8 

-1.2 -1.3 -1.4 -1.475 -1.55 -1.625 -1.7 -1.8 -1.9 -2 
-2.1 -2.15 -2.2 -2.3 -2.4 -2.5 -2.6 -2.61 -2.62 -2.635 
-2.65 -2.65 -2.65 -2.675 -2.7 -2.8 -2.9 -2.95 -3 -3.1 
-3.2 -3.3 -3.4 -3.425 -3.45 -3.475 -3.5 -3.575 -3.65 -3.725 
-3.8 -3.7 -3.6 -3.475 -3.35 -3.125 -2.9 -2.7 -2.5 -2.35 
-2.2 -1.975 -1.75 

-1.4 -1.475 -1.55 -1.625 -1.7 -1.775 -1.85 -1.925 -2 -2.075 
-2.15 -2.225 -2.3 -2.4 -2.5 -2.6 -2.7 -2.6825 -2.665 -2.6325 
-2.6 -2.625 -2.65 -2.575 -2.5 -2.55 -2.6 -2.65 -2.7 -2.75 
-2.8 -2.85 -2.9 -2.925 -2.95 -2.975 -3 -3.075 -3.15 -3.225 
-3.3 -3.275 -3.25 -3.225 -3.2 -3 -2.8 -2.6 -2.4 -2.275 
-2.15 -1.925 -1.7 

-1.5 -1.625 -1.75 -1.8 -1.85 -1.975 -2.1 -2.2 -2.3 -2.4 
-2.5 -2.575 -2.65 -2.775 -2.9 -3 -3.1 -3.075 -3.05 -3.025 
-3 -2.95 -2.9 -2.825 -2.75 -2.775 -2.8 -2.775 -2.75 -2.735 
-2.72 -2.71 -2.7 -2.69 -2.68 -2.665 -2.65 -2.675 -2.7 -2.7 
-2.7 -2.71 -2.72 -2.71 -2.7 -2.6 -2.5 -2.35 -2.2 -2 
-1.8 -1.65 -1.5 

-1.6 -1.7 -1.8 -1.9 -2 -2.15 -2.3 -2.375 -2.45 -2.575 
-2.7 -2.85 -3 -3.1 -3.2 -3.3 -3.4 -3.4 -3.4 -3.4 
-3.4 -3.3 -3.2 -3.1 -3 -2.95 -2.9 -2.85 -2.8 -2.725 
-2.65 -2.575 -2.5 -2.45 -2.4 -2.35 -2.3 -2.275 -2.25 -2.225 
-2.2 -2.2 -2.2 -2.2 -2.2 -2.1 -2 -1.925 -1.85 -1.725 
-1.6 -1.4 -1.2 

-1.7 -1.825 -1.95 -2.075 -2.2 -2.35 -2.5 -2.61 -2.72 -2.86 
-3 -3.175 -3.35 -3.475 -3.6 -3.75 -3.9 -3.925 -3.95 -3.975 
-4 -3.9 -3.8 -3.7 -3.6 -3.4 -3.2 -3.05 -2.9 -2.785 
-2.67 -2.535 -2.4 -2.3 -2.2 -2.1 -2 -1.95 -1.9 -1.85 
-1.8 -1.775 -1.75 -1.725 -1.7 -1.65 -1.6 -1.55 -1.5 -1.375 
-1.25 -1.125 -1 

-1.8 -1.95 -2.1 -2.25 -2.4 -2.55 -2.7 -2.85 -3 -3.175 
-3.35 -3.525 -3.7 -3.9 -4.1 -4.25 -4.4 -4.45 -4.5 -4.55 
-4.6 -4.5 -4.4 -4.25 -4.1 -3.85 -3.6 -3.3 -3 -2.85 
-2.7 -2.5 -2.3 -2.15 -2 -1.875 -1.75 -1.675 -1.6 -1.5 
-1.4 -1.35 -1.3 -1.25 -1.2 -1.175 -1.15 -1.125 -1.1 -1.05 
-1 -0.9 -0.8 

-1.95 -2.125 -2.3 -2.45 -2.6 -2.75 -2.9 -3.075 -3.25 -3.475 
-3.7 -3.95 -4.2 -4.4 -4.6 -4.7 -4.8 -4.825 -4.85 -4.875 
-4.9 -4.725 -4.55 -4.375 -4.2 -3.925 -3.65 -3.325 -3 -2.8 
-2.6 -2.4 -2.2 -2.05 -1.9 -1.75 -1.6 -1.5 -1.4 -1.3 
-1.2 -1.125 -1.05 -0.975 -0.9 -0.85 -0.8 -0.775 -0.75 -0.7 
-0.65 -0.575 -0.5 

-2.1 -2.25 -2.4 -2.575 -2.75 -2.925 -3.1 -3.3 -3.5 -3.75 
-4 -4.225 -4.45 -4.625 -4.8 -5 -5.2 -5.2 -5.2 -5.2 
-5.2 -4.95 -4.7 -4.5 -4.3 -4 -3.7 -3.35 -3 -2.8 
-2.6 -2.35 -2.1 -1.925 -1.75 -1.575 -1.4 -1.275 -1.15 -1.025 
-0.9 -0.825 -0.75 -0.675 -0.6 -0.55 -0.5 -0.45 -0.4 -0.35 
-0.3 -0.25 -0.2 

-2.2 -2.35 -2.5 -2.65 -2.8 -3 -3.2 -3.4 -3.6 -3.85 
-4.1 -4.35 -4.6 -4.775 -4.95 -5.1 -5.25 -5.175 -5.1 -5.025 
-4.95 -4.725 -4.5 -4.225 -3.95 -3.425 -2.9 -2.85 -2.8 -2.6 
-2.4 -2.175 -1.95 -1.775 -1.6 -1.475 -1.35 -1.125 -0.9 -0.85 
-0.8 -0.7 -0.6 -0.5 -0.4 -0.3 -0.2 -0.25 -0.3 -0.305 
-0.31 -0.305 -0.3 

-2.25 -2.4 -2.55 -2.7 -2.85 -3.05 -3.25 -3.475 -3.7 -3.975 
-4.25 -4.525 -4.8 -4.95 -5.1 -5.2 -5.3 -5.15 -5 -4.85 
-4.7 -4.425 -4.15 -3.875 -3.6 -3.35 -3.1 -2.85 -2.6 -2.4 
-2.2 -2 -1.8 -1.675 -1.55 -1.425 -1.3 -1.15 -1 -0.825 
-0.65 -0.575 -0.5 -0.35 -0.2 -0.2 -0.2 -0.2 -0.2 -0.25 
-0.3 -0.35 -0.4 

-2.23 -2.38 -2.53 -2.68 -2.83 -3.03 -3.23 -3.44 -3.65 -3.875 
-4.1 -4.325 -4.55 -4.675 -4.8 -4.9 -5 -4.85 -4.7 -4.525 
-4.35 -4.075 -3.8 -3.55 -3.3 -3.05 -2.8 -2.6 -2.4 -2.2 
-2 -1.85 -1.7 -1.575 -1.45 -1.325 -1.2 -1.05 -0.9 -0.75 
-0.6 -0.575 -0.55 -0.525 -0.5 -0.4 -0.3 -0.075 0.15 0.16 
0.17 0.185 0.2 

-2.2 -2.35 -2.5 -2.65 -2.8 -3 -3.2 -3.4 -3.6 -3.775 
-3.95 -4.125 -4.3 -4.4 -4.5 -4.6 -4.7 -4.525 -4.35 -4.175 
-4 -3.7 -3.4 -3.125 -2.85 -2.675 -2.5 -2.35 -2.2 -2.05 
-1.9 -1.75 -1.6 -1.475 -1.35 -1.225 -1.1 -0.95 -0.8 -0.65 
-0.5 -0.375 -0.25 -0.075 0.1 0.2 0.3 0.4 0.5 0.575 
0.65 0.725 0.8 

-2 -2.15 -2.3 -2.45 -2.6 -2.8 -3 -3.2 -3.4 -3.6 
-3.8 -3.975 -4.15 -4.225 -4.3 -4.35 -4.4 -4.2 -4 -3.775 
-3.55 -3.325 -3.1 -2.85 -2.6 -2.45 -2.3 -2.125 -1.95 -1.825 
-1.7 -1.55 -1.4 -1.275 -1.15 -1.025 -0.9 -0.76 -0.62 -0.485 
-0.35 -0.225 -0.1 0.075 0.25 0.375 0.5 0.6 0.7 0.775 
0.85 0.925 1 

-1.85 -2 -2.15 -2.3 -2.45 -2.625 -2.8 -3 -3.2 -3.4 
-3.6 -3.8 -4 -4.025 -4.05 -4.075 -4.1 -3.85 -3.6 -3.35 
-3.1 -2.925 -2.75 -2.575 -2.4 -2.225 -2.05 -1.875 -1.7 -1.575 
-1.45 -1.325 -1.2 -1.075 -0.95 -0.825 -0.7 -0.575 -0.45 -0.325 
-0.2 -0.05 0.1 0.25 0.4 0.525 0.65 0.775 0.9 0.975 
1.05 1.125 1.2 

-1.8 -1.925 -2.05 -2.175 -2.3 -2.475 -2.65 -2.825 -3 -3.175 
-3.35 -3.525 -3.7 -3.685 -3.67 -3.635 -3.6 -3.4 -3.2 -3 
-2.8 -2.6 -2.4 -2.25 -2.1 -1.95 -1.8 -1.675 -1.55 -1.425 
-1.3 -1.15 -1 -0.9 -0.8 -0.675 -0.55 -0.425 -0.3 -0.15 
0 0.15 0.3 0.425 0.55 0.675 0.8 0.925 1.05 1.135 
1.22 1.31 1.4 

-1.7 -1.8 -1.9 -2 -2.1 -2.275 -2.45 -2.625 -2.8 -2.95 
-3.1 -3.25 -3.4 -3.35 -3.3 -3.25 -3.2 -3 -2.8 -2.6 
-2.4 -2.25 -2.1 -1.95 -1.8 -1.7 -1.6 -1.5 -1.4 -1.25 
-1.1 -0.975 -0.85 -0.735 -0.62 -0.51 -0.4 -0.25 -0.1 0.05 
0.2 0.325 0.45 0.575 0.7 0.825 0.95 1.075 1.2 1.3 
1.4 1.5 1.6 

-1.55 -1.65 -1.75 -1.825 -1.9 -2.06 -2.22 -2.385 -2.55 -2.675 
-2.8 -2.925 -3.05 -2.975 -2.9 -2.85 -2.8 -2.6 -2.4 -2.25 
-2.1 -1.975 -1.85 -1.725 -1.6 -1.5 -1.4 -1.275 -1.15 -1.025 
-0.9 -0.8 -0.7 -0.575 -0.45 -0.325 -0.2 -0.075 0.05 0.2 
0.35 0.475 0.6 0.725 0.85 1 1.15 1.225 1.3 1.4 
1.5 1.575 1.65 

-1.4 -1.5 -1.6 -1.675 -1.75 -1.875 -2 -2.15 -2.3 -2.4 
-2.5 -2.6 -2.7 -2.6 -2.5 -2.4 -2.3 -2.175 -2.05 -1.925 
-1.8 -1.7 -1.6 -1.5 -1.4 -1.275 -1.15 -1.025 -0.9 -0.8 
-0.7 -0.6 -0.5 -0.375 -0.25 -0.125 0 0.125 0.25 0.375 
0.5 0.625 0.75 0.875 1 1.1 1.2 1.3 1.4 1.475 
1.55 1.625 1.7 

